 -74   21  -33
  53   22  -80
  22  -88  -85
  10  -30  -27
  65  -41  -83
  74   91    2
  -2   -6 -100
   6  -83  -68
  28   46  -35
  34   33  -49
  45  -33   74
 -68  -56   30
 -76  -95    0
  83  -83    8
  -1  -18  -11
 100  -75   18
 -23   59  -86
 -95  -59   -3
  63   42    0
 -25  -45   98
  -6   64    7
  25  -46   55
 -95  -80   79
  -9  -12   30
  59  -41   25
  58   23  -16
 -93  -52  -85
 -87  -67   76
  70 -100   41
  49  -38   46
 -39  -97  -94
 -33    4  -22
 -61   -6  -70
  95   54   81
  12   66  -73
  41   77  -42
  46   79  -24
 -73   -7   12
 -39  -25  -67
  -9   31   94
 -74  -94   47
 -95   24   92
  85  -69  -84
 -67  -45  -39
 -96  -71  -69
  71   95   28
  26  -60   39
  36  -12   83
  12   21   40
  79   93   30
  93  -15   60
  93  -63   48
  73  -56  -96
 -67  -51  -48
   6   36   27
  52  -99  -17
 -36  -35  -14
 -53  -33  -26
 -58  -70  -70
  77   50   58
  47  -96  -41
 -79  -98  -84
  34  -94   44
  63  -96  -47
 -44  -34  100
   0  -46   81
 -14  -72    5
  12   25   80
  38  -46   66
  36    4  -61
 -48   84   71
   0   66   65
 -28    0  -98
  64   70  -81
  10   78   50
  53   28   25
   0  -52   90
  16   94  -98
 -88  -88   83
 -83   40   83
  24   -9  -77
  54   46   57
 -92  -38  -67
 -23  -73   44
   0   -5   81
  81   56   46
 -85   -2  -78
  74  -78   90
  0   85  -36
 -96   19   40
 -66    1  -13
   9  -72  -94
  71  -43  -79
  16   -2  -88
 -98  -76   20
  -1   91  -65
 -78   36  -61
  59   48   66
 -32   99  -74
  37   32  -47
    0    0   0
    0    0   0
    0    0   4



