  90   81   65
 -75   38   59
   9   70   45
 -53   28   42
 -95   93   35
  43  -23   41
  -7   57  -29
  50   46   97
  -3  -19   77
  39  -89   30
  14    3   51
  71   34   82
  64   97  -57
  88   69  -99
 -77  -22  -72
 -51   83   59
 -88   27  -56
 -44  -65   76
 -98  -11   49
 -47  -47  -46
 -22  -98  -79
  72   69   46
 -18   35   23
  27  -33  -80
  70   77   41
  16  -46   69
  22   68   11
 -49  -70  -45
  52  -19 -100
 -70  -82  -85
 -89  -85  -24
  -8  -37  -67
 -16    1   -8
 -29  -70   23
  88  -53  -69
  52   19   -3
  38   63   80
-100   22   16
 -78  -87  -57
  68  -72   88
 -88   25   87
  44  -61   -6
  81  -92  -86
 -37   47  -40
  91  -68  -67
  12  -71   79
 -46  -17    5
  47   31   29
 -63  -49   25
  67  -34  -99
  23  -19  -42
 -46  -30  -18
  52  -29   26
  18   20   59
  27   47  -54
 -17   23  -17
 -89   82  -46
 -75  -15  -30
 -22   85  -48
  85  -82  -15
 -89   -6  -20
  -6    7  -90
 -36   49   -1
  80  -99   38
 -99  -93   79
 -69  -23  -70
  24   19  -73
-100  -95   50
  35   99  -14
  51   90  -66
  10   46   25
 -15  100   82
 -62   74  -27
 -91    3  -58
 -48   84  -20
 -80  -56  -91
  93    0   34
  28  -74  -54
  17 -100   56
  98   60   -3
 -34  -14   60
  53   34    5
  51   68   48
 -24  -75   14
 -48   74  -38
 -38  -60   50
   8   -8   50
   7  -22   52
 -63   30   49
   5  -15   24
  12   49   61
  52    0   82
  56   23  -97
  71  -63  -33
 -21  -40   59
 -87  -18   73
  -7  -92   49
  44  -82  -62
 -19  -14   20
 -71   98  -75
 -53  -56    6
  91   55  -99
  33  -78  -53
 -90   34   42
  99 -100  -94
  32  -57  -65
  87   35  -47
  96  -86    1
  21   38   39
  77   63   14
  -6  -63   74
  91   48   34
  14  -58    1
  75   30  -64
-100  -31  -24
   2  -66  -79
  40  -15  -28
 -25  -17  -78
  89    1  -40
  79  -35  -94
  92  -12   64
 -10   64  -64
 100  -29   54
  29  -40   57
 -70   10  -24
 -75  -74  -65
  36  -81   81
 -69   10   87
   5   -7    8
  13   66   64
  94   59  -73
 -84   37   18
 -27  -33  -27
 -47   -8  -64
 -59  -24   91
 -97  -20  -87
  22  -22   11
 -41  -49  -51
 -12  -39  -30
 -43  -45  -42
 -75  -94  -28
  77   26   72
 -55  -16  -13
 -53   20  -60
 -27   75   -6
  65  -91   56
   2   26  -66
-100   63   33
 -53  -22   29
  70  -74   -9
 -32   76  -22
 -54    8  -87
 -64  -52  -84
  -7   35  -78
   7   33  -58
  43  -44   37
 -85   31   -4
   4   94   29
 -79  -67   79
  64  -45  -35
  79   61  -81
 -93   71  -33
   3  -97  -32
  34  -90   16
 -90  -95   88
 -10  -61  -39
  29  -46  -85
 -18  -49   19
  91   68  -71
   5    5   -8
 -20   72   23
   4    7   52
-100  -66   35
  90   65   17
 -35  -14   75
  96   83  -84
  99   97  -92
 -68   63  -39
  24  -14    0
  92  -98  -44
  82   96   42
  96  -70   -4
 -23  -30  -38
  96  -43   -1
  22   83  -43
 -77  -26   97
 -22   39  -43
  52   25   30
 -65   75  -56
 -17  -44   83
 -12   37   77
  10  -50  -91
 -36  -57  -47
  43   79   99
 -83   48  -64
  78  -36  -96
 -51   77   91
  96  -46  -94
  28   98  -71
 -24  -46  -80
 -74   85  -92
  61  -72   55
  66   -5  -46
 -70  -27   11
  18  -13  -36
  78  100   76
  38  -16   83
  -8   80  -65
  31   20  -62
 -54  -54  -77
  68  -55   48
  15   84   39
 -23   63   17
 -34  -51   73
  63  -29  -73
  58    2  -49
 -39  -28   -2
 -20  -34   71
 -85   28   98
   9  -72   76
  16  -97   48
  58   93  -10
  68   66  -76
  42   21   26
 -47    5  -95
  45  -74    6
  63  -43   73
  37   60   41
  22    3  -96
  81  -20  100
 -42   41   45
  43  -45   57
 -87   73   78
  62  -50  -35
   1  -57    9
 -79  -15   30
  68  -11  -59
  50    6   93
 -17   12  -10
  41   59  -16
  25   92   29
  67   81  -51
   2  -88  -92
   8  -76  -16
   8  -95  -94
 -87   26   77
  32   38   31
  23  -11  -22
 -94  -42   20
 -86   24  -66
  10  -84    8
  63  -34   38
 -54   90  -17
-100   46   10
 -50   18   23
 -48  -36  -80
 -98  -60   84
  -7   42  100
  33   60  -28
 -44   46   70
 -95   18  -18
  15  -37   60
  -8  -73  -70
   2   19   82
 -57  -18   -9
  11  -55   56
  57  -76   75
  66  -17   59
 -55   77  -43
 -24  -38   35
  17   97  -23
 -58   35  -77
  37   94    6
 -45  -61  -66
 -10   33   35
 -23   78  -76
 -90   22    6
 -58  -94  -76
 -66   21   21
  26  -70  -97
  90   66   63
 -68  -18   -2
  20   61  -47
  99    6  -60
  84   61   70
  11    0   22
  -5   92   22
  87   57   57
  -7  -21  -86
  41   99   43
  95  -77  -10
 100  -61  -19
 -28  -64  -76
 -17  -24  -20
   8  -85  -40
 -57   57    1
  78  -44  -39
 -63  -37  -96
  -1  -38  -12
 -17    9   24
  32  -44  -77
 -34  -63   -9
  89   54  -16
 -58   16  -33
  52   12  -44
 -43   13  -49
 -10   40   14
  97   38   30
 -15   16   67
   4  -76   38
  43  -83   64
 -35  -96  -30
  88  -61  -61
 -12   23   80
  57  -59  -37
  67  -13   44
  -8    6  -46
  46   85   97
 -11   59  -72
 -61  -58   30
  12  -53   64
 -49   31  -47
 -49  -76   -2
  -8  -40  -12
 -24  -35   46
   3  -45   -1
  51  -34  -21
   5  -24   32
 -84  -45   -2
  24  -39  -26
  -4   22  -20
  65   94  -78
  39   91   47
 -38  -62  -88
  19   55  -19
  57   18   85
  10   79   81
 -74  -39   66
  82  -13  -54
 -67  -17  -75
  30  -35   76
 -52  -57   -5
  49   25   86
 -86   78   79
  80  -25   54
  97   40  -76
  17   45  -64
 -71  -85  -91
 -52  -18   35
 -31   49   22
 -83   -4  -17
 -76   93   95
 -63   63   81
  54  -36  -25
  87   78   73
 -47    9   84
  17   32  -70
   4   -5  -28
  68  -88  -59
  82  -52  -60
  25  -92  -57
   7   28  -24
 -50  -30   -9
 -66   60  -76
  26  -82  -72
  71  -23  -23
 -14   65   19
  99  -50   12
 -80   51   88
  92  -90  -51
  88  -66  -59
 -75   26  -91
  -5  -68  -56
  77  -91  -42
  99  -30  -83
  52  -88   65
 -60   60    1
 -91   27  -97
 -26  -31   48
 -39   27   13
 -30   45   49
 -73   73  -84
 -17  -42  -11
  69   -1   50
  62   35  -17
 -84   -5   33
 -99   -7  -27
  73  -13  -84
  20  -36   -8
 -29   87    2
 -46    7   53
 -76  -45  -38
 -79  -47  -42
  22   14   11
 -59   85  -14
  -4   33   77
 -13  -70  -47
  85   82   85
  -5   28  -23
 -84  -51  -14
  44  -73  -43
 -21   -1   71
 -52   -6  -29
 -15  -53   14
  92   -9  -31
  -8   95  -32
  -4  -14  -13
 -18  -43  -23
  93   54   34
 -40  -44  -58
  15   11   37
  85  -52  -86
 -60   62  -19
  -1   89   89
  -7  -38   55
  26  -42   43
  35  -67  -17
  71   28   16
 -11   49   22
  36   62  -16
  83   54  -44
   0  -89   28
  -4  -91  -22
 -30   32  -48
  27  -13  -83
 -78   63   -6
  35   73   50
 -39  -49   -4
  -2   92   -9
  48    3  -69
  64   97  -86
 -88  -41  -11
  40  -17  -82
 -99  -71   32
  35   63   70
 -68  -87   70
 -84   35   15
 -21   13  -54
 -46   91   64
 -98   -2  -84
  -6  -17  -91
  88  -87   51
 -55   42  -21
  21  -89   -8
  83  -92  -23
 -23   60  -20
  19    0   -2
 -53  -79  -15
 -26   83  -47
 -37   59   31
 -28   83  -43
  85  -27  -42
  93   92  -21
  72    6   97
 -84  -89   88
  93  -15   76
 -26   20  -64
 -37  -45   61
  45   76   50
   4  -34  -67
  76  -11   86
 -37  -57   88
 -36   -2  -91
 -43   20   67
  61  -51   70
 -25  -39  -24
  26   22  -11
  -4  -49  -39
 -57    1  -53
  16  -24   30
  61   81  -16
 -30  -99   -6
 -85   -5  -93
  97   84  -38
  41  -72  -83
  24   16   -1
   0  -61 -100
 -78   31  -18
  54   52   29
  98   -6  -92
 -34   50   62
 -32   12  -41
  67  -59  -71
  83  -56   46
 -25   72   83
 -59   95   38
  59   55   90
 -61  -29    2
  40   56  -26
 -96  -57   95
  21  -38  -38
  58  -85    0
  62   39  -68
  -4   85  -16
  48   94   41
  74  -91    6
 -27   48  -47
 -53   61  -50
  36   94  -94
  39   20   13
-100   33  -91
 -95   27  -44
 -29   99   35
  88   50  -23
 -96   -3   30
 -23  -74   62
 -95  -87   84
  90  -91  -19
 -65  -85   76
  60  -65   57
  83  -60  -16
  18  -20   -6
 -44  -85  -99
 -34  -62   54
 -78   27  -22
  35   12   -8
 -56   35  -78
  25   67  -44
 -58  -91   85
  97  -62   69
 -36   99   28
  95   14   18
  66   16  -83
 -77  -17  -31
  16   65   76
  42  -79  -48
  93   45  -12
 -79   90  -41
 -50  -28  -63
  88   59  -31
 -71  -82   72
  44  -92    4
  79   36  -15
  12  -22  -20
 -62   11   12
  73   -3   96
  83  -80   83
  -8   -6  -50
 -35  -73  -30
  81   65   49
  67   18   79
  21   18  -86
 -84  -79   25
  -3  -58  -37
 -90   26   17
  11  -45  -69
   1   82   16
 -73  -54  -20
  10   86   22
  16  -17  -12
 -73  -85  -99
 -31  -50   32
  88   24   24
  11   74   35
 -98  -33  -30
  60  -99  -74
  26  -98  -33
 -40   44  -80
  99  -90  -42
 -33  -92  -62
 -24   -7  -65
  16   -2  -24
 -89   56  -77
 -46   42   29
 -66   56  -15
  73  -38  -68
  23   31   92
 -76  -59  -54
 -68   70   -5
  88  -14    9
 -18   39  -32
  18   21  -90
  79  -31  -64
 -16  -79  -64
  -6  -43  -29
  60  -48  -44
 -70  100   -7
  -3  -56   53
 -36   18   55
  64  -55  -79
 -42   82  -38
  59   44  -85
  24  -65 -100
  68   70  -51
 -57  -37   31
 -54  -71  -51
  -9    5  -95
  -3  100   -5
 -36  -60   75
  78   32    3
 -94  -98  -35
  47   67  -12
  34   64    4
  80  -31   -9
   8   87   37
 -11   28   28
  24  -28   50
  66  -85   41
  30   82  -77
   5  -31   42
  60  -58   19
  43    3   15
 -97  -14   -9
  13   -4  -74
   3    7  -29
  -1  -50  -88
 -25  -10   84
 -36   30   93
  67  -55  -78
  10   59   27
  -2   15  -79
 -76  -11  -17
 -87  -78   65
  59   89  -12
 -92   45  -35
   7    0   -8
 -25   21   27
 -32   -7   69
 -46   93  -13
 -21   51   17
   3  -59   60
  33  -68  -81
  96  -99   11
  35   33   13
  64   63  -27
 -84   11   90
 -24   56  -82
  71  -92   52
  21   15   58
 -20   60   -8
  64   70  -12
  -1  -90   -3
 -46   92   58
  60   -2  -24
  48  -11   36
  22   91   35
  61  -97   61
 -27   66   -5
 100   23  -17
  -7   43   30
 -86   -2   15
  74  -97  -72
  98   -9  -41
  11  -35   10
  85  -96   31
 -52   52   97
  77   91   38
  13  -94   95
 -93  -90   18
 -13  -43  -31
  88   37    3
 -86  100   43
  59   41   17
 100  -26   80
  62   18  -18
  -5   25  -34
 -74  100  -43
 -92  -11  -87
 -92   88  -71
  61  -57   96
 -74  -48  -70
 -41  -75 -100
 -45   23   19
  89   78    5
  47  -71   -9
 -94   27   63
 -97  -85  -72
  53   11  -93
 -62  -42   53
 -68   -2   27
 -91  -42  -84
 -83  -36  -52
  11  -73  -41
  84   55   50
 -37   63   98
 -75   74   56
  17  -16   95
 -21   91   88
 -23  -65  -22
 -19  -85  -27
 -73  -99   81
 -96  -15  -99
  27   38   17
  35   78   97
  87  -30   35
  38    7  -27
 -54   -2   80
 -94  -57  -97
 -32  -35 -100
  10  -93  -66
  92  -29  -42
 -55  -64  -66
  16  -69   86
 -60  -58  -83
 -51  -94  -14
  14  -62   86
 -61   65   86
  -2  -79   88
  65  -66  -73
 -47   27    3
  48   95  -12
 -95  -90  -98
  73   59  -92
  94  -55   18
 -32  -85  -82
  70   35   29
 -27  -89   55
 -94  -68  -76
 -88  -96   19
 -48  -82  -46
  80   65   90
 -96   71  -27
  48  -41  -70
  -6   -4   85
  37  -37   57
  89  -70    9
  69   85   61
  17    4  -34
  20  -83  -90
 -62  -63  -67
 -53  -18  -89
 -27    3  -84
  74  -61  -65
   3   19   82
 -51   18  -69
 -80  -24   60
  87   64   83
 -90  -18  -13
 -29   65  -93
 -68  -47  -44
 -21  -31  -79
  49   33   50
  56  -55  -44
  42   93    9
  75    9  -39
   8  -18   -7
  23  -33  -76
  70  -89  -89
 -46   72  -30
  63  -74   97
  32   20  100
  60   52   77
 -48   21  -80
 -88   -4  -57
  22   81   14
 -58  -19   29
  33    6   10
  60  -49  -17
 -52  -86   24
  11   14  -40
 -58  -62  -51
 -53   48   90
 -70  -75  -58
 -51  -94  -83
  24    1  -39
  35  -67  -85
 -78   55   35
 -79  -80  -22
   8   22  100
  42  -31   76
  94   33  -42
  47  -44  -17
 -57  -32   98
  69  -17  -97
 -99   -7  -70
  68  -61  -74
 -73   86   96
 -55   28   67
  90   24  -86
  93   14  -72
 -84  -83   57
  51  -33   83
 -61  -34  -91
  55   70  -82
  83  -50   50
  45   16   69
  91  -98   92
  30  -39   -5
  52   99   32
  30  -88   66
   0  -38   44
 -38  -71  -19
  76   40  -44
 -29    3   71
 -86  -46   43
 -33   15  -97
  32  -97   47
  12  -89  -52
  27   -5  -11
 -17    4  -63
  -1   -3  -58
  87   99   27
  46   48   56
  -7  -20  -55
 -14    9   23
  94  -31  -62
  87   40  -54
  27  -92  -17
 -80  -77   97
 -42  -90  -43
 -56    9   99
  23   73  -26
 -76  -99  -63
  93   91  -60
  99   72   -7
   7    9    6
 -29   55   -1
  82   69   42
  21  -35  -16
 -87  -34   97
 -40   49   21
 -37   59  -54
   6   93   55
 -33   -9  -95
 -55   -9  -82
 -58  -29   80
 -75  -37   24
 -21  -16   46
 -50    0  -85
  99  -54   63
  83    7  -94
   1  -47  -16
  74  -41   91
 -24   34   61
  77  -93  -47
 -68  -64   -9
 -94  -89   88
  41  -96   56
  -8  -35   66
 -59 -100   37
  56   23  -12
 -48   21   62
  93   51   49
 -17   -9  -58
  25   88  -72
 -99   11   84
  79  -38   70
   0  -14  -79
 -33   24  -98
  72   33  -29
  26 -100  -71
 -26  -64  -22
  98  -39  -59
  35   64  -47
  32   39   62
  41  -59   55
 -41   60   79
  91  -97   51
 -40   72  -83
  76   38    1
 -64   26  -68
 -27  -33   40
 -64    1   37
  55  -53    4
  82  -43  -92
 -39  -91  -65
 -39  -17  -55
  72  -63   84
  78   78  -96
 -59  -32   97
 -23   61    8
 -70  -62  -86
  -3   83   50
  65   34   14
 -56  -83   54
  16  -79  -33
 -42   58  -14
  34  -80    8
 -83  -44   -2
  91  -53  100
  27   26  -77
  26   58  -81
 -60   64  -27
 -38  -48  -39
 -98  -40  -39
 -65   24   45
 -16  -59   75
 -58  -67  -89
   0  -75   83
 -83   82   45
  55  -90  -35
 -64   26  -79
 -71  -28  -41
  26   34   59
  27   29   60
  93  -17  -38
  23  -90   -3
  86  -50  -14
  75  -36   86
  31  -76   49
  85  -73  -56
  -9  -67  -78
  48    3   47
  25   98  -82
   4  -96  -10
  39   17    0
 -60   43  -89
  43   53  -89
  46  -51  -45
  25   67  -67
  18  -32   17
  81   39  -40
  49  -23   42
  20   22   94
  62   25  -61
  61   34   93
  -4   20   77
 -77  -64   35
  14  -60    9
 -22   84  -79
  45   -4  -66
 -12   32    0
  42   63  -17
 -49   56   16
 -59   55  -11
 -40   15   84
  58  -79  -81
 -67  -32  -23
  12  -86  -36
 -13   93   57
 -45  -25   20
 -19   59   40
 -88   47  -23
   0    7   55
 -68   39   65
 -97   68    5
 -58   22   72
 -96  -44   78
   1   87  -15
  72   92  -58
 -62  -87  -37
  68  -48  -70
 -55   81  -96
 -34   37  -45
  56  -29   36
  14  -58  -28
  26  -48   88
  80  -73   65
 -73   46  -23
 -31  -49   75
  36   33   77
 -79  -88  -90
 -64  -92   75
  47  -43   21
  -9  -85  -43
  74  -73   55
  33   44  -68
 -26  -82  -56
  98   31  -79
  17  -13   89
 -11  -87  -45
  25 -100   31
 -39   76   40
  74  -26   56
  94   68   22
  74  -82  -35
  81  -33   90
 -39   15  -88
  65    1  -86
  37   27  -83
  -4  -98   13
  41  -51   83
 -26  100   64
 -52   -5  -47
  71  -83  -23
 -26   12    4
  43  -69  -99
  57   31  -35
  21  -52   32
  32   55  -79
  30   59   82
  -4   65  -82
 -45   83  -96
 -59  -17   10
 -72  -10  -71
 -12  -24   95
  88   86   89
 -96  -58   13
 -34   94   57
  18  -33  -19
  30  100   82
  32   76   69
  44  -89  -59
 -92   55  -96
  40  -66   13
  83   80   72
 100   62    8
 -29   -8  -31
 -24   14    4
  16   38  -16
   2  -65   30
 -96  -86   -8
 -95  -56  -58
 -24  -64  -47
 -70   37   -3
  26   -1  -80
 -43  -65   42
  29   77   26
  47   65  -56
  22   79  -86

