  42  -11  -56
  13    3   48
 -42   -8   -7
 -81   41  -86
   3  -40   67
   2   67   76
  76   -6  -15
  14   84   71
  10   96   24
  43  -51  -44
  36  -85  -22
 100   45  -75
  86  -21   55
  55   45   17
 -99   63   -4
  -9  -65   17
 -80  -47  -36
 -76   27  -63
 -53   89    2
   7 -100   28
 -33  -84   76
  44  -86  -82
  31  -51   22
  51  -53  -81
  22  -19  -10
  32   -2   11
  94   15   77
   5    8  -55
 -99  -79   74
  91   72   14
 -68   62  -61
  67  -51  -86
 -29   89   80
  50  -15  -19
 -78  -46  -27
 -25  -47   58
 -24   63   21
  44   26  -37
 -18   96   19
 -21   50  -83
 -25  -28  -13
 -24   -4  -89
  51  -78  -93
  35  -72  -37
  25   37  -95
  64   75   35
 -27   -1   41
 -67  -77   -8
 -41   45   45
 -99   39   79
 -27   11   12
  73  -19   68
   1   17   48
  -5  -96   94
 -79   70  -14
 -72  -45    0
 -33  -90   -7
 -72  -23  -87
   9  -97  -60
   3  -62  -87
 -85   20  -61
  16    9  -79
 -42   57  100
  24   -5   13
  15   90  -93
  71  -62   19
 -57   17    9
  40  -79    6
 -85    8  -53
 -16   15   48
 -75  -66   65
 -47   31  -22
 -11    8  -22
 -77   -9   -1
  11  -21    3
 -14   35  -98
  73  -86  -41
 -46   30  -51
 -41   32  -17
 -99  -96    0
 -48   26   45
 -78  -72   81
 -84   13  -95
  24  -83   16
 -60   63   46
  87  -69  -41
  83  -94  -43
  91  -86   60
  15  -34   99
 -88  -67  -72
 -78   82  -14
 -76  -66  -69
 -75  -60  -22
 -93  -85   29
 -19   83  -25
   1   64   12
 -49  -95  -51
  58  -75  -46
  81  -60   58
  20   80  -46
  61  -86  -11
  67   -6  -69
 -80   14   21
  69   31  -61
 -45   80  -87
  21  -20   19
  42  -89  -36
 -73   40  -43
  75  100   45
 -14   26  -40
 -57   35  -83
 -14   91   13
  38   37  -40
 -11   33   40
  26  -90  -80
  53   -2   63
  24   74   17
 -92  -28   40
 -68   68   72
  45   72   30
 -90   71   50
  46  -57  -69
 -63  -27  -23
  66   44   17
 -49  -99   60
  81  -76  -54
 -80   34  -84
  55  -95   44
 -96  -48   68
  57   50  -25
 -31   98   77
-100   30   30
  98  -54  -78
 -22  -27  -21
   2    5  -87
 -89  -20   25
  56   13    8
  65  -38   16
   3    5   21
  62   77  -42
  74  -70   97
 -32  -14   45
  58   63   34
 -93  -90  -53
 -88   50  -89
  53   86  -87
 -26   23  -19
  -1   53   90
 -54   33  -22
  64  -92   52
  91    7   32
  80   43   71
  99   55  -79
  15  -67  -66
   5   -3  -47
 -86  -74  -92
  66   15   40
  79   35  -27
  72   25   64
 -47  -14  -87
  13   18  -65
  99   26   75
  57  -31  -91
  39  -96  -64
 -53   62   87
  11  -38   -8
 -36  100    0
 -87   20  -74
  11   29   98
 -48  -68 -100
 -61  -23   18
  -2  -20   41
  74  -74   58
 -88  -29   56
 -23  -30  -36
 -57  -38   27
 -36   36   35
 -15   30  -75
  24   69   -6
  74   -4   26
 -60   75   67
  53  -52   26
 -37   82  -23
 -13   51   39
  17   85  -23
 -89  -44    0
  17  -52   -2
  16   31   19
 -21  -43  -86
  59  -11   83
  52   56   72
 -32  -72   39
  44   56  -78
   8  -68  -77
  40   -9   55
  -7  -31  -65
  16   65  -23
  17   56    6
 -69  -30  -98
  -1   67  -16
 -60   55   63
 -12   96  -25
 -10    8  -16
 -58  -66  -22
  83  -87   99
  25   78   32
  94  -90  -99
 -22   65  -72
  98    9  -65
 -52  -95  -63
   7  -36  -34
  41  -38  -97
  57  -70  -91
  76  -76   -9
-100   -6   51
 -77  -96   18
 -51   86   56
 -53   78  -42
  51  -17   15
 -31  -51   67
 -95   64   12
  51   -9  -35
  30   27   25
  98   68   26
  96  -40  -18
 -84  -33   47
 -95    0    6
  88   64  -50
 -80  -74  -49
 -79  -22   60
  12   35  -26
 -46  -11   53
  57   93  -33
 -19   88   24
  51  -51    9
  83  -85   26
  28  -28  -30
 -19   64  -24
  61   31   62
 -68   25  -56
  74  -94   96
  49   50  -34
 -60  -93  -40
 -85   11  -24
 -75  -49   28
 -12   40  -57
 -28  -66  -67
  74  -24   70
 -84   63  -75
  85   66   74
  11  -50  -39
   3   63  -73
  26   95  -69
  52  -72  -79
  79  -16  -67
  41   34   -9
 -15  -26  100
  72   57  -75
  92   73   64
 -45  -81  -32
 -45   19  -43
  36   60  -42
  39  -37  -21
  80   65    2
  93  -85   59
 -64   77  -79
  12   49  -88
 -96   94   46
 -79  -77   64
  58  -16   52
 -91   -6   55
 -12  -86   67
  72   50   32
 -21  -46  -51
 -95  -23  -26
  81  -71   -6
  53   41  -12
 -43  -93   -1
 -55   32   32
  13  -36   45
 -42   43   71
  49   46  -73
 -65  -16  -89
 -21  -51  -59
  97  -52  -27
  85  -93   66
  72   22  -11
  32   91  -40
  -4   34  -86
 -66  -65  -94
  98   51   36
 -96  -90  -73
 -92  -80   70
  98  -22   88
  94   68   28
 -89  -92  -67
 -45   75   71
  62   -3  -83
 -48  -45   68
  77   -3   -3
  10  -65  -46
  39   19  -10
 -14   98    7
 -48  -98   90
 -22  -13  -40
  18   41   95
  21  -12  -96
  14  -74  -80
  18   52  -62
 -18   79   73
 -13  -79  -58
 -84  -40  -36
 -27  -21  -42
 -89  -23   33
 -81   45   74
  64    2  -36
  38  -27  100
  20   32  -25
  84   28  -90
 -61   48  -43
 -63   91  -53
  76   96  -41
  87  -70  -34
  96  -71   27
  93   95  -64
  72  -97 -100
  75   10   56
  -5   91  -24
  70    5  -25
  83   -9  -21
  65   74   59
  34   -4   38
 -20  -61  -42
  69  -68  -87
  -5  -44    5
 -38    1   15
  77   23  -72
 -31  -79  -86
  51  -65   86
  -6   -6   20
  88  -74  -30
 -96  -56   32
 -14   73   61
  56  -21  -42
  97  -82   62
  26   56   88
  90  -80  -57
  -6  -13   -3
 -39   12   58
  23  -70   46
  77   -8  -30
 -47   22    7
 -57  -41   49
  15   67  -94
 -66  -14   59
 -18   97   15
  96  -11   45
 -69   30  -39
  67  -75   -6
  86   50  -25
  87   -4   48
 -39  -30   14
 -65  -22   10
 -13   83   58
 -71   65  -16
  31  -70   27
 -15  -17   98
  88   86  -84
 -94  -50   97
 -20  -51  -91
  39  -71   61
 -52  -14   68
 -26  -13   49
  42  -19   35
   7   20  -66
 -75   -8  -39
 -30   -3  -87
  86  -23    5
 -53  -16  -67
 -26   16   40
  15   86   41
  93   -6  -12
 -64  -58   48
  57   10   38
  24   97   66
  27  -68  -29
 -49   92  -70
  39    2   55
  99   31  -93
  74   59  -68
 -31  -84  -55
 -77   34    3
   8  -81   -9
  13   60   65
  55   96   72
  59  -32  -22
  91   -3  -64
  41   75   13
 -95   66   36
   5   -5   44
 -70  -22   88
  66  -96    4
 -58   24   50
  59   -7   57
  80   81  -32
 -34  -69   33
  70  -73  -43
 -75  -46   85
  85   82   96
  -1  -83   32
  23  -90   40
  79  -39   43
  78  -87   99
-100   24   54
 -51  -15  -82
  -5  -55   65
  88   90  -71
  54   13   64
 -74   58  -35
  61  -68  -50
  -2   88    3
 -19   92  -51
  -8   32   -1
  46  -63  -94
 -42   -1   37
 -55   24  -82
 -89   33    6
  -2  -68    0
 -19  -25   28
 -39  -35  -34
 -38  -34   46
  97   29   14
  49  -93   77
  42  -40  -76
 -62   26   56
 -31  -41   90
-100    4   66
  62   11    4
   7  -19   57
 -83  -11   10
 -36  100   18
 -64  -13    3
 -65  -84   89
 -33   -4  -82
 -27  -30  -76
 -43   15  -85
 -75  -86  -21
  97  -62  -79
   4  -12    6
 -99  -34   43
  82  -71  -93
  18   71  -21
  12  -67  -16
  72   21   54
  67   44  -14
 100  -53   77
 100  -10   40
  34  -93  -65
  19  -33  -26
  25  -46   35
  47  -56  -12
 -21  -22   63
 -47   27  -79
  33   54  -30
  94   16   64
 -84  -53   28
  98   25    8
  64  100    2
 -68  -18    7
  83  -58   94
 -29  -27  -86
  18   64   38
  20  -12   -4
  81   66  -27
 -93   60  -47
 -81   94  -84
  69   84   55
  10  -60  -64
  77   28  -37
 -65   29  -81
  34   65  -78
  -8  -43   96
 -87   80   94
 -95  -44   95
 -16   60   16
   2   78  -10
 -72  -21   51
 -92  -87   -1
  21   89  -10
  77   35   -6
  11  -73  -85
 -77    7  -26
 -67   72  -43
  58  -75   82
 -49    5   58
   3  -58  -55
  74  -87   -6
   1  -55   23
 -63   89   21
 -93  -14   58

