  56    0  -96
  68    0   -4
 -16  -24   11
 -18   20   11
 -34   10  -72
  12   -9  -27
  -4  -15    0
 -36  -16   30
  80    0  -26
 -48   14   25
 -20  -17   56
 -12    8   24
  36  -20    8
  88    0  -63
 -18  -28    0
   0   46    0
 -24   24  -40
  33   52   50
 -22  -20  -33
  40  -72   96
   0   52  -24
   0   16   20
 -17   39  -24
  -7   60  -40
   0  -20   20
  18   33  -27
   0  -92    0
 -40   30    0
   0  -24    0
   8    0    0
  48  -40   48
  66    0   33
  16  -60   -2
   4    0   21
   0    0    0
 -57    6    2
 -88   23  -36
  23    0   57
   0    0  -36
 -60   -3  -26
 -14    9    0
  32    7   22
 -42   24   24
  42   57   46
   6    0   60
  15    0    0
 -84   63    0
 -42   18   -7
  12   32  -44
  12   30  100
   0  -32   16
   0   -9   26
 -46   44   42
  -2   12  -44
 -51   42   28
 -24   42   32
 -24  -22   -7
  18  -20    0
   1   -6  -24
  52   10  -34
   8    0  -14
   0   -2   36
  15    0   -8
 -48   32    0
 -60    0  -63
  40   68  -57
-100  -24    0
  14    8    0
 -22  -18  -42
   0    0  -51
  96    0    0
   0    0  -30
  -6   16    0
 -16   14    0
   0  -50    0
 -60  -18  -26
  36  -12    0
 -39    0    0
 -48  -72   42
   0  -20    0
   0  -40    0
 -11  -63    0
   0  -10    0
   0    0   40
 100  -40    0
  16    0    0
 -14   38   42
   0    0  -36
 -15    0  -21
   0   -3   -4
  18    0    8
-100  -21  -34
  45   19  -48
 -27    0    4
   0   -4    0
   0  -60  -44
   0    0    0
 -39   -4    1
 -27    0  -22
 -42   28  -24
 -30   24   76
 -30    0    0
  12   36  -11
 -22    0    0
 -30    0   63
  76   22   -7
 -66    0   19
  33   22   -2
  48  -46  -60
  72    0    5
 -16   18  -24
   8  -18   36
 -15    2   16
 -11   -3  -24
   0   16    0
  69    0    6
  19 -100    0
 -42  -24  -12
   0    0   84
   0   76   36
 -12   42  -88
   0   48   42
   0  -96  -18
  30  -10   20
   0    0   18
 -27    6  -10
 -12  -20  -16
  54   12   28
  54   20  -36
 -50   22    0
  12    0   21
  32   -3    0
   0   -7    0
  50  -80  -32
 -17  -25    0
   0   92    0
  42    0  -32
   0  -16  -11
  72   -3   84
   9    4   52
   0  -48    0
   9   69    8
  -6    0    0
   0   32   33
  -9    0   12
 -56    0  -69
 -24  -63   -6
  20    0  -22
   3   -6  -39
   0    0   36
 -64  -16   15
  32   12    0
  28   24   42
  24   75    0
   0  -12    0
   0   32   12
   0    0  -40
  45  -40   48
   0  -42    0
  15  -23  -15
 -12  -32   76
   0  -18   -8
  54    4    6
   0   24    0
  84   17   25
  63   -3   21
   0  -36   -2
  32  -32  -48
   0    0   -4
  42  -48  -72
 -34  -40  -17
   0  -21    3
 -48   66  -21
 -72  -72   34
  38    5   13
 -60  -72  -32
   0   38  -30
  18    0   22
 -12  -24  -14
   0   96    0
 -80   12   63
   0   48   45
 -42  -39   11
   9   46    0
 -92    3   22
  36   46    0
  15   -6  -20
   4   56    0
 -36  -39  -25
 -54    6   56
  75  -16  -21
 -36    0    0
  33    0  -15
   0  -18    0
 -18    0   45
 -10  -24  -39
   0   60  -54
   6  -44   28
  20    6   -1
 -64    0    6
   0   64    0
  -4  -51   22
   4    0  -44
  14   19   24
 -21   -6   42
  16    0  -69
 -11  -14  -36
 -10  -30    0
   4    0    0
  27   18   84
 -60    4    0
   0    0  -51
  48   48    6
 -38   69  -51
   0  -25   -4
 -52  -56   75
   0   -4   20
 -13  -80  -32
 -75   -8   80
  18   76    8
  17 -100    8
   5   -6    0
 -44    7   24
 -46    0  -15
 -32    0   -3
  48   -8  -24
  75  -14   17
  15    0   14
  39  -30  -36
   1    0  -46
 -15  -45   64
  12   -9  -15
 -30   96   10
  32   14   48
  22    0   48
  16    0  -28
  45  -15  -44
   0   -6  -36
 -60   88  -46
 -20  -20   24
  15  -25   40
  18   -2  -75
 -40  100   32
  -4    0    0
 -30    3   -8
 -40   72    0
  76  -24   69
   0   60   42
  -1    0  -27
 -66   84  -17
   0  -30   22
   0  -20   40
 -21  -17    0
 -36   72   60
 -36   16   54
   0   88    4
 -40  -12  -63
 -30  -28  -34
  12  -63  -72
  72  -18    0
  14  -24    0
  23  -84  -72
 -26   64    0
  -8   -8  -34
 -42  -69    0
 -60  -15   36
   0   -8    0
  25   -8    8
 -12    0  -42
   5   56   -8
 -13  -20  -38
 -23    4    0
   0   40   -4
 -36    6    0
 -18   -9   13
   0   28   -5
   0  -30    0
  16   15  -28
   0    0  -45
 -14    0    0
   0    2   42
   0   36  -45
   3   66   92
  24   -8    0
  38  -39    6
 -33  -84  -23
  -7  -18   57
  64    0  -40
  96   24   33
  36   -4   84
  92  -64    0
 -52   28   44
  45    0   92
  48   22   26
 -24   17    0
 -32  -27  -32
  16   23  -13
 -72  -30    0
  56    0  -36
  50  -57   12
  23  -14    0
 -92  -60  -69
 -75    0  -96
 -42  -32  -16
 -84  -13   88
   2  -34  -50
   0   40   72
   6  -40  -32
 -36    6    3
 -30    4   34
  52   36   75
  -2   -3   69
   0  -26   16
 -40   14    0
  16  -72   51
 -52  -48   39
  -2  -10   76
  48   16  -24
 -12  -68   -9
  -3    5   13
   0   92  -18
  36   -8   48
  45   45  -10
   4    0    0
  12   33  -22
   0  -80    0
  96  -44  -72
  30   23  -40
 -84  -20  -28
 -20    5   19
  48  -36   32
  48    0   54
 -80  -20    3
   0    0    0
   0   24    0
 -40    0   84
 -24   46  -18
  36   42  -28
  -4    0   30
 -30  -24   -6
 -56   -8    0
  -1   16  -22
   0   64  -18
  17   20   40
-100  -18  -51
 -66   46    3
   0    0    0
  39    0   -8
   0  -25  -96
 -24    3   -1
 -51  -12   76
   0   48   30
 -48   12    3
  12   60   18
   0    0    8
   0   -6   -2
  15  -13    0
   0    9  -34
   0    0  -48
 -56  -48   14
 -10  -54   16
  -3  -12    0
 -75   16    0
   0    0   80
  44    0   33
 -14  -28  -68
  36   12    0
 -14  -16  -28
 -13    0  -16
  32   42   72
  26  -20   -7
 -42  -50   -6
 -48  -33  -54
   0  -88   75
  72  -39  -36
   0   45  -40
 -28  -24    3
   0   96   -7
 -69    0   16
  21    9  -39
  -6   22   40
  42   24  -21
   0   96  -18
  40  -42    0
   0  -46   32
 -20  -48  -54
 -16  -12  -75
  -4    0   -1
   9  -96   60
  -9    0    0
 -14   16    2
 -40  -28   17
   0  -42  -18
  12   -2  -50
  18    8  -68
  21    2    3
   0   24   32
 -16    0   40
 -12  -12    0
 -92    0   26
  76    0    0
 -45   21  -14
  16  -24    0
  -4    7   -6
 -24   12   80
  11  -36  -21
  52  -21  -16
 -48  -44   18
   0   -4   16
  36   75   -9
  19  -12   18
  20  -38    0
  -5  -20    6
  18  -27   56
   0  -23  -92
 -28   24  -24
   3    6    0
 -32    0    0
  56   48    0
 -21   -8   11
 -80    0  -30
  66  -66   24
   0   15  -18
 -96   45   84
  18   57    4
   0  -48  -60
  40  -63  -92
   2    3  -48
 -12    0    0
  20    0  -84
 -20    8    0
   0  -39   -1
 -72   24  -76
  57   54    0
  88   32  -30
  32   24   -4
 -30   -8   84
   0   16   12
  24   92   18
  -8    4    8
  -2   40   -5
  54  -66    0
 -36    0  -46
  22    0    6
 -75    0   -7
 -56   28  -88
   2   -9  -48
  12    0  -22
   0  -63  -21
 -54   23  -32
 -68  100    0
  24    0  -23
 -54   -2   24
   0  -24   18
 -92  -42   -6
   0   44  -28
 -48   39   36
  32   42    0
  32  -92   10
  44   22   16
  26   92    0
 -14  -28    0
 -64  -24    8
   9    0   -6
  20   16    0
 -48   25  -13
 -54   69  -44
 -22  -22    0
  24   28  -45
   0   56   42
  54    6  -51
  -4    0  -30
 -32   -3  -34
  -6  -11    0
   0   57   -2
   1   39   63
   0   -5    0
  -1  -46  -75
  20    0    0
   0    0   18
  -8   46    0
 -20    0    0
 -12  -46  -18
   0  -69   60
 -36   -9   24
 -84    8   24
 -27    0   -8
   0    4  -24
   0   18   -7
  24  -20  -48
  40   36    0
  16  -18   10
  32   11  -33
  18   80  -26
  13   13    6
 -22  -96   21
   0    4   25
 100   18    9
   0  -10   -8
   8  -12    3
 -52   21    7
   0   -6  -46
   0    0    0
 -36  -40    0
  75   66    0
 -24  -15   26
  15  -14   -4
  10   -8    0
 -72   24  -17
  36    0   -8
  -9    0  -57
   0   54  -88
   0   84  -68
  -8   15    0
 -39    0    0
  32    6  -40
 -64    0  -72
   0   39  -36
   2  -12    0
   0   48    0
   0  -96   42
  -6  -15   92
  48  -76  -34
   0  -20   40
   8  -21   48
   0   33   10
  -8  -14    4
   0    0    8
  11  -42    0
 -22   18    0
   0  -84    0
  68   72  -30
 -44   -7    6
  -3    2    0
 -18   24  -12
  92   64  -36
 -10  -14    0
  13    6    0
   0  -92 -100
   0  -32    0
 -24    0   18
 -32   10   11
  26    0   46
  24    9    0
 -48   42  -45
  56   -8   28
   0   60   63
  -4   32   -9
   0  -26   42
  26   38   23
  72    9  -50
   0  -80    6
  57  -75   44
   0  -76  -30
  24  -36   24
   8   -6    6
  21 -100    8
  57  -12    6
 -92  -24   -8
  44    8  -13
  88    9   25
 -44   40    0
   0   46   20
  -5   40   10
  84   -6  -48
  30  -44    1
  52  -72   96
   0  -57   60
 -75  -88   36
   0   40    0
  -9  -25   10
 -39  -20  -17
   0    0  -57
  18    0   17
   0    0  -14
  -4    0  -36
   0  -22   10
   0    0    0
 -12  -21  -30
  36   24   10
   9    9    0
  34    0  -48
   8   75   19
 -51   -4    0
  32    0   63
   0  -64    2
  20    0  -32
  50   -7   -8
 -16    0    0
  42   -2  -24
 -21   52   88
   4   16    0
 -52    0    0
   7  -96   25
 -10   24  100
  34   -4  -20
 -22  -34   42
 -25   21   15
  22   21   92
  36  -28  -64
  42   -3   63
 -45   30  -10
   0  -19   44
 -60    0  -27
   0  -21   44
 -40  -21  -40
 -54  -75  -25
  40  -32  -22
  28    8   84
   0  -22    6
 -42   21   32
 -18   33    0
  72   24    0
  48  -24   -8
   0   64   15
  -6    0  -28
  12    0   42
 -12    0   -8
 -72   40  -14
   5   22    0
  36  -48   12
   0  -12   32
 -56    0    0
   0   -8   18
 -16  -28   75
   0   42    2
 -24    0  -22
  64    0   60
   0   34    0
  34   32   57
  33    0   56
  -8    9    0
  72   25  -11
   0   66   48
  45  -12    0
  48  -69  -42
   6   12  -60
 -36    0    0
  28    0   26
   0    8  -40
   4    8   68
 100    0   48
  -8   -4  -19
  72  -72   20
  30    0   68
 -66   22    6
   9   69    0
   5    0   84
  26    6  -30
  36   22    0
  -2   -2  -30
 -50   -8   57
 -32   40   51
   0    0    0
 -52  -24   -2
   0  -44   -4
 -12  -52  -50
   0   32   16
 -21   -4    0
  69  -10   75
 -39    0  -33
 -48   21    0
   0   40   18
  -1    0    0
 -40  -48   20
   0  -12    0
   0   24    3
 -36    8  -63
  54  -56  -10
  36   -9   20
  24   92   10
 -20   11    0
   0  -18   38
 -30   40    8
  -9    0   69
  12   -4  -52
 -72  -64  -44
 -17 -100   52
 -22   48  -44
   0  -22   50
  -8  -24  -68
  52    0   16
  24  -14  -28
  32   10    0
  15  -12   24
  -2  -34    0
   9   -4    0
  48    0  -22
  18   20    0
  18   30  -25
 -80    0  -51
  -4    0    0
   0  -15   18
 -60   57  -12
  39   18   25
  50   -7  -12
 -20    0   60
 -72   32  -26
 -40   24   76
 -12  -15  -40
 -10   13  -12
 -34  -25    0
  39   24    0
  12   39  -17
   6  -16   60
 -66  -14    0
  10    0  -19
   0   96    0
   0   15    3
   0    0  -54
  22    3   57
  20    6    0
 -56    0    0
  48   39   32
   0    0    0
  28  -21  -40
   0  -36   28
  63  -25    0
  69    0    0
  22    0    0
  48  -34  -16
  -6   17    0
 -33    0   -7
 -21   84    0
 -18   56   26
 -24   54    0
   0  -51   69
   4   20    0
  -3    0    0
 -48   72  -40
 -20   16  -63
 -34  -10  -30
  -9   33    0
   6   18   26
  72   -8  -68
 -54   12  -10
  -4   -8    0
 -54  -66    0
 -45   23    0
 -17  -32   11
  12   63   36
  56   68  -12
 -88    7  -14
 -23  -84  -27
   0   48    6
 -54   21   -8
 -48   76  -20
  42   -8   21
 -84    0   20
 -40    0 -100
   8   26   10
   2   24  -20
 -46    2  -16
  30   28    0
 -10  -28   -6
  20  -76   56
   0    0   80
   0   72    0
 -13   17    1
   0  -38  -16
  51   88   11
   0  -22  -28
  16   12    8
  80  -16   -1
  57   23   23
  18    0   64
  18    0    6
   0   12   -2
   0    0    0
   0    1   69
  20  -44   42
  51    0    0
  18   60  -22
   0   60  -12
 -60   42    7
 100   -8   16
   6   64   32
 -19   48   19
  33  -60   25
 -18  -40  -72
   6  -36  -30
  42  -12    0
 -36  -45    0
   0  -13   36
   0  -19  -48
   0    0   -7
  -8    0  -30
 -15  -48  -10
 -48    4   -3
  27    2    0
 -32  -40   28
 -48    0  -22
 -23  -21    0
 -30    1  -38
 -23  -50    3
 -52   27    0
  15  -34   -1
 -80   44    0
  69    0  -56
   0   75    4
  24  -45  -72
  44  -68   60
 -14    0   -2
  24  -36    3
  44   24  -14
  42   18   56
   0   20  -36
  11   -8    0
 -48    8    0
  21  -40  -18
  32  -24    2
  -3   44   63
  57   16   64
   0  -19    0
  20  -46   21
 -60   66    0
   0   -6   -8
   0    0   -4
  16  -32  -32
  -1   -3  -25
  28   22   36
  60  -38   30
   0   75   30
  16  -24  -44
 -48   39  -32
 -40    0   30
   0  -48    0
 -63    6    0
  -9   64    0
   0   28  -66
   8   12  -51
 -45   33   30
 -34   63  -57
  19  -11   26
 -39   -3    0
   0   -2   38
 -18  -10   21
   0   24   68
 -25    0   40
 -11   60  -20
  32    9  -40
 -84  -68   24
 -26    0  -40
  75   -9   63
 -32   45   -1
  44    3  -24
  20  -12  -46
 -52  -42   -5
   0   -4  -32
  33    7    9
  12   -4    0
   0  -10  -28
  -8  -23  -30
 -23   36    3
 -88    0   -8
  40    6    0
 -69    0    0
   6   20  -14
  12  -24  -14
   5    0    0
   8   63    0
   6   88   22
  -2   54  -14
 -14   24   24
   0  -36   25
   6   10    8
 -12    0   30
   0   24  -56
  48   50   50
   0    2   14
   0   11  -16
 -15    0  -21
   1    3  -16
 -23    0  -28
 -44  -63  -20
  17  -57    0
  96   -8    0
 -14  -23    0
 -16    0  -66
 -17   -6  -28
 -40   17    0
   0  -34    0
  44    4   84
   0  -52   88
 -34  -22    0
 -96   42   51
   0  -44    8
 -52  -40   23
  34    0  -88
 -28    0  -36
  13    0  -25
   8   24    0
 -88    0   39
   6   25    0
   0   16    0
  11    0  -12
 -75   15  -24
  48  100   32
   0   51   20
  14  -12   69
  12  -24    0
   0   36   76
 -14  -24    4
   9  -63   48
  -8  -38    0
   0  -45  -26
 -10  -66  -12
-100    0    3
   0  -45    0
  48   -3   88
 -46   24   40
 -25    2  -40
   0   18    0
 -66  -15  -22
 -21    8  -15
  15   32   25
  52   -6   69
 -24   51  -50
  32    0  -51
  24  -28   75
   0   27    0
 -60   11    0
   8  -12   51
  72  -39   32
  15   39   20
 -27  -60    2
 -34  -10  -51
  15   72    8
  14  -66   44
 -63  -12    7
  -6   30   10
 -44   92    0
   0    0   60
  -9  -42   32
   0  -88  -76
 -13   36   54
   0  -39    0
  48  -10   -4
 -50  -36  -26
 -44    3    0
 -44   21    0
  12   21  -66
   0   13    4
   0  -44    0
 100  -18   16
 -42    6    8
  80   48  100
  68  -32   36
  12    0    0
 -72  -15   36
  36    0    0
  10  -56  -25
   1    0   48
  48  -88    0
   0   12  -45
  24   18    0
 -76  -40   18
 -19  -39    0
  27  -32   34
  64   15    0
   0    0   18
 -68  -12  -14
   0    0   12
 -46    0  -12
 -34  -69   25
 -12    0   54
  12  -26   12
  -6   48    0
  48  -66    0
   0    0   24
   0   27    0
 -44    0   34
   0  -75  -96
  17   -6   44
 -11   88   12
 -26   56    0
 -26    0   -4
  22   72    0
   0  -63   20
   8    0    7
   8   19   64
 -44  -44    8
  56  -24   15
 -44   50  -76
 -80   69   18
   0    3    0
 -22   -3    0
   0   80    0
   0  -30   30
  60  -42   72
  -9   -4    0
   0  -44  -40
  -5    0    0
  12    0   88
 -96    0    0
 -54   12    0
 -60    0    4
   2   -6  -10
 -68   -6    9
 -57   33   24

