4 -6 8 -6
-5 -8 -10 -8
7 5 28 15
0 7 0 7
-10 -10 -10 -40
-7 1 -7 4
-7 0 -21 0
-8 0 -16 0
4 6 4 18
7 8 28 16
-10 0 -10 0
-6 4 -12 12
1 -3 3 -12
-10 9 -40 18
-7 1 -7 1
0 2 0 6
-5 -1 -15 -2
6 4 12 4
-8 6 -32 12
-9 9 -36 27
6 5 2 -9
-7 -8 6 -8
-2 3 -3 4
9 -3 -8 -6
-5 -1 8 -9
9 9 9 4
9 5 -10 6
-7 -6 -6 -9
8 -8 -10 3
-9 5 -7 7
7 -10 -9 3
3 -9 -3 7
1 3 2 0
-4 -4 8 9
-8 -1 -7 -10
-5 -9 1 4
-6 -2 -7 6
0 0 4 -3
-5 6 -10 3
-4 -3 -6 2
-4 -9 8 3
-1 -1 3 -6
-3 7 -10 1
-7 -6 -8 -4
2 8 7 9
2 -1 5 1
4 -4 -7 -8
-2 -8 8 1
8 -4 5 0
3 -3 -7 6
6 6 7 -1
-10 6 -5 3
0 5 -8 4
-3 1 -4 -10
-8 5 -9 7
1 -7 1 7
-2 -2 -7 9
-2 7 -3 7
-5 -1 -8 -9
3 -1 4 5
4 -2 3 7
9 -8 -10 -9
-6 -6 -4 5
6 -9 5 -6
1 4 7 -10
-7 6 -7 5
-3 7 -7 -4
-5 8 7 -9
-7 7 -1 -10
9 1 4 -10
8 -9 1 8
9 -10 -9 1
-4 -3 3 -1
-8 0 -9 -5
8 -9 -2 0
-9 -2 8 4
-7 -6 -4 1
-1 3 -6 -10
-4 -1 -9 -9
-10 4 5 -3
9 8 -9 8
9 0 3 2
-5 4 3 -7
-4 -1 5 -6
-4 -1 2 7
-9 -10 -9 -10
-2 -10 -4 -8
-4 -7 1 1
-9 -4 0 5
3 -2 -4 -2
-1 -5 -9 8
-4 1 3 3
6 -1 1 -6
-3 -8 -8 4
-3 -9 2 -3
-7 -5 -3 -6
-10 2 -10 0
2 1 -8 2
-9 8 5 -7
9 -2 -1 -2
