-5 4
6 5
0 8
1 -8
-5 -2
4 2
6 1
-4 5
5 6
-1 -8
-9 -4
8 -4
2 -7
-9 8
2 2
8 4
8 3
8 1
-8 2
-10 4
-4 -2
5 8
-10 -6
-6 2
-1 -9
0 -4
-8 7
0 -10
-6 5
0 -4
-9 1
-6 9
-3 -4
1 -5
-6 -3
-4 -7
-2 -4
5 -3
7 1
9 -10
-10 -4
3 -1
-3 -4
2 9
2 -7
-3 4
1 7
5 1
9 7
0 5
-6 -1
0 6
0 -1
-3 7
-1 -4
-8 7
2 -6
-7 4
-8 0
-7 0
-8 2
-1 -4
-3 1
9 -10
6 -4
-9 4
-8 6
-4 7
-1 -9
-4 -10
-2 -7
-7 -1
2 8
-6 6
-7 1
-3 -6
7 6
0 -2
2 -8
1 8
-9 1
1 8
-3 -9
2 -3
-2 5
9 5
-6 -2
5 -10
1 -1
5 1
-10 5
-4 7
9 6
-10 -6
5 2
6 2
5 5
-3 2
-1 -4
-2 6
