 -131   634   978  -576   681  -485   261  -594  -148  -158  -197    26  -807   595  -537  -317   747  -738   533  -172   -18   969  -124  -430 
  966   184   173   509  -895   701    52  -655   449 
 -125   527  -785   493  -658  -935    49  -405   746  -404    26   369   788   879   551   795   876   733   545   562  -108 
 -338    63  -903   161  -895   118   886  -352  -451  -465   496  -252  -450   408  -778  -910   117 
 -766  -359  -612   497  -700  -773  -991 
  697   -40   579   841  -782  -308  -517   601    58  -895   427   994   452   -91   121  -885   215  -321 
  522  -342   802 
 -919 
   20  -671   -85  -907   -54   137   725   340   818  -817  -236   509   710   783   561  -263   -64  -648   771   327  -175   854   -37    72  -732  -694  -766   471  -149   655  -722  -908  -389   170   323  -780    91  -155  -445  -617  -357   928  -107   -57  -421   641  -244   981   183   -14 
 -798  -556   282  -129   989  -174   430  -934   800  -951  -631   671  -327   919   124   604    46  -770  -601   382    50  -716  -275  -362  -563   460   146  -932 
  151  -797   -30   484  -628    18   306  -636    93 
 -171  -939   282   854  -522   890   247  -108   311   635   992  -487   739   -23  -558  -803   741   606   170   594 
 -762    37   972   346   265   321  -781    54   458 
 -108  -750   303  -313  -483   142   545  -478   542  -513 
 -224   333   -24  -377   233  -489    13   559   824   953  -681   849  -681  -344  -714  -611   507   645  -388   154   -32   679  -868   975   898  -373   181   372  -543  -283   371   447  -908  -348   888  -913  -269  -446  -637  -745   492  -611  -187    93   466 
 -506   246   203  -816   838  -983   276  -665   376  -223   972  -199   239  -679   -89   446   225   600  -733  -268   621  -910  -219   484  -487 
  480  -585   898   848   836   550   192   637  -825   789   646  -423   566   154   431  -515 
  300  -562  -271   629  -665  -900   949    48   343  -154   268  -456   -72  -976  -984  -957   884   844   860   499   634    13   871   463   -82   971  -904  -427   441   290 
 -168   187   -34  -728  -924   -17  -282   839   191   512   879   169  -271  -431   277  -207   754   180  -917 
  171   699   117  -315  -250   756  -240  -396   932  -248   127 
 -939  -710  -533  -544   972  -791  -199   324    93   136   853    59  -628  -916   503    91   -51  -834 
  292    32   719   958  -918   786  -849   635    17   438  -264   830   575 
 -174  -196    65   988   -69  -538   222   885   237  -361  -807   770    12   918   239   -17   357  -126  -642   375  -252   554   878   869   -97  -276  -770   -48  -395   239  -301   195   327    74   572  -182  -209    17   696  -833    29  -150  -388   738   429    70  -269   143 
 -553   281  -802   -63  -205  -824  -225 
 -553   793  -894   -93   918   901  -110 
 -983  -342   -32   196   895   491   179  -226   777   844  -488   393   357  -124   638 
  496   689  -261   523  -486 
  619   108   872   673   233  -756  -295   308   -10   453 
 -108   -31   619   475  -403   744   227  -451  -805    57   376  -785  -501  -905   370  -635   -91   281   672   -38    71  -228  -184  -260  -322   101 
 -930   901  -899    83  -999  -188    19   595  -760   778  -568  -798  -676     9  -941   474  -447  -632   550  -755  -286 
  -44  -329  -991  -375   451  -717  -139  -833  -848   875  -283   562  -117  -768  -235   643   308   987  -776  -457    37   545   120  -980   145  -275    71   -42   681   234   876   -67    15  -844   205  -815  -670     4   991  -174   477   625  -444  -738   822   272 
   84   205  -690  -989   828  -824   875   957   826   938   262   252  -696  -432   342   695  -483   153  -185   -54  -569  -847   367  -657  -836  -134   405   182   626  -389  -709   503   912   850  -120  -707  -117 
 -114    67   456  -603   643   762   -39 
  538  -167  -508  -432   488  -144  -355  -731   790  -881   365   862   -21   425  -456  -468   329   -25   673   135  -816  -984  -108  -407    83   514  -103   879  -591    28  -312   742   397   100  -497   133   612     0 
 -403  -936  -878   697   655   579   405  -196   359   572  -809  -619  -774   270   245    70  -457   589   724  -903   286   847   703   553  -724   957   215  -903   -43   877  -529   414  -542   676  -305  -646  -679   105   567  -713  -448   314 
  210   925   -93   -30  -407   860  -499   280   157  -881   625   755   163  -313  -767  -217  -579  -691  -812  -970    68  -867  -200  -149  -235  -557   849   749  -649 
  454  -966   143  -899   528  -528   101  -536   600   506   449   969   519   116  -663   689   424   165  -869   414   -51   -76   937   158  -514   454   276   822  -335  -978   465   919  -789   850  -721   466 
 -232   823  -723  -648   885   121  -867   231  -895  -355  -934   128  -849   820   100  -611  -189   767  -243  -615   708  -190  -981   288  -559   396   446   597   114    49  -350  -628   774    28   276  -727 
 -811  -532  -647  -541  -805   612 
 -637   805  -339  -417   926  -833   903  -935  -585   947  -740  -317  -640 
   73  -156   -30   384   697  -240   546    45   452   953   543    15   690  -681  -669   168   455   373   738  -884   -39   567   -38   849   690   147  -545   286   124   -18  -963   434   107   918  -586   353 
   94   742  -998   925   217  -511   214   420   861   512   -42   696  -870 
   -4  -448  -431   407  -136  -381   774   808   566  -550  -683   828   126   653  -268  -863  -439   258   -41   902   814  -926   914   926   453   522  -462  -973   648  -608   593   214   298   444  -404   226 
 -159  -678  -155   912  -687  -322 
  528  -269   627   -16  -547   876  -842   511   302  -179  -527  -239  -503  -712   -86  -924   328   529   890   692  -593   788  -637     3  -630  -350   700  -137   160  -101  -224  -373   753   245   520   126    82   361   633  -474   550  -500   543   -85  -990  -150   194   399   595  -736 
    1  -751  -586   722   778  -472  -429   341  -212  -594  -753  -197  -702   340   259   576   125   172  -543  -244  -390   813   141    93   511   818  -815  -510   737  -517  -727    11  -570   654   432  -610  -141   234 
 -388   680  -846  -494  -977   574   559    94  -716  -931    53   455  -497  -198  -675  -657  -483    70  -647   543   -10  -773   488  -638   733   219   259  -141   283   883   646  -140   635  -825   154  -365   785   296  -704   792  -306    23  -491  -278   555   676   898  -799   975  -623 
  648  -465  -868   207 
  211    15  -171  -534   434   569  -487  -921  -539  -351  -359  -414   722   838   372   570   208  -211   802   -50   -85  -230  -913  -207  -951  -132  -210   954   443  -761  -693  -398  -753  -368   578  -189  -635  -571  -391 
   77   549  -409   940  -871  -173   277  -818   393  -658  -191  -440   418  -787  -929   763   171   976  -765  -700   427   434   974  -844  -206  -829    21  -825   209   465   524   337  -559   499  -172  -613   829   201  -480  -238  -841  -452   725  -848  -183   545   936 
 -711  -286   944   845  -787 -1000  -523   682  -708   114   404  -720  -382  -782   536  -884  -402   699   -45   633   967   962  -232  -515  -535   871   303   224   804  -195   554   721   623   333   789  -110   642   159   180  -637    65   616   513   472   567  -127 
  173   456   304 
  290  -441   270  -919   285   643   625   723 
  -36  -264   547   910   670   -46   700  -436  -843  -711  -413   903   734  -235 
  483   836   -28   326   731   -89    74   957  -459  -466  -154   200  -802   968   310    70   555  -560   956     8   808  -437  -758  -257 
  200  -643  -358  -827   328   -64  -290   613   967  -114   364  -387   245  -886    47  -151  -835  -933   149    82   350  -765  -464  -269  -154   890   481   597    99  -362   547   -76   644   803   432   162  -394   735   356  -329    30  -876 
 -658  -260  -186  -744  -305   330  -343   310  -492   907   -15  -578   574  -186  -941   766 
  243  -126   823    47  -347  -496   128  -897  -880   337   840   568   230  -511   102   654   219  -604   981    48   519   181   854   527   842   239    45  -751   875  -745  -170  -954   774   270  -478  -481   -62  -412   628   -97  -181   -37 
 -689  -203  -437   488   396  -992  -521  -760   -37  -718   202  -456  -460  -147   579  -609   110   930   464   999  -357 
  779   535  -324   653   545   -19  -129   615   175  -891  -309  -375   939    32  -422   226   730   612  -549  -276   931   -96   914   700    47 
  119  -137  -544   885  -609   282  -342   724   689   775   179   -10  -794  -763  -849   402   605  -682   115  -805  -902  -534   560  -869   265 
  804   700  -167   702  -129  -725  -986   560  -370 
  518   516   123  -738  -925 
  823   803  -258   917 
 -105   564   469  -510   330  -908  -175    45   997   558   164  -452   826   254   394   663   277   -85  -934    93   248   193  -777  -922   119   479  -780  -692  -270   671   201  -869   704   304  -468   298  -191   396  -700 
  265   -55   251  -571 
  685  -172  -802   117  -386   916  -154  -823   493  -483  -750   299   466  -169   175    56    37   653  -120   -72 
 -381  -127   504    15  -395   777  -186  -563  -580  -505  -499  -637   395   545   771  -398  -496 
 -158   262 
  -56  -682 
  405   695  -506  -372   866   851  -698   -85  -818   -37  -897  -330  -560   647  -156    12    62   313   -71   713   917   500   -10   140   725   579   -26   753   544   115   146   227   253   150  -601   588   -78  -604   321  -594   950   145 
  321  -910  -113   817   969   181  -615   -35   958  -406   322   297   400   347   106  -283  -795   934  -882   325   978  -404   874  -446   968   888    10  -353  -661  -466   433  -424  -470   706  -741   189  -557  -593   186  -300   891   161  -668   -55 
  904   306  -544  -361   688  -919   423  -515  -228   619  -835   308   504  -653  -355 
 -469    66   764   203   607  -832   -18  -207  -530    79  -432  -528   809   697  -617   715  -929   903   -15   663   -65   369   817   589  -937  -973  -813  -303    97   751 
   75   769  -776    75   342   843   728  -492   973   905   831  -639   786  -137  -931    27  -887  -894  -379   184  -833   410   926    34   -55   -26  -855  -950    22   459  -817  -997    15   463  -445   913  -788 
 -518  -392   861 
  309   785  -783   514  -760   588   509 
  -37   757   286   318   -28   465  -182   238   492  -706    -7   620   743   321  -197  -694   408  -699   507   763  -793   417  -648   -42  -507   728    46  -284  -299   870   107   822 
  629   150  -113   123  -290   646   -33   368   -86  -889   481  -407   134  -556    85   272  -394   415   -72   832 
 -966   168   737  -325  -485  -595   999   494   934 
  251   215  -831   881  -578   209   333  -705   709   262    89  -606  -478   148  -323   676 
 -320   -98   607   515   685  -437    89  -355    44  -326   277   482   758  -353  -713   -92   117  -381  -544  -288   124  -457  -610    86    69   -74   905   839  -813   790   -21  -170  -119  -377   388   354   919  -174  -709   341   309  -320  -263   665   251   526   458  -976  -588 
 -687   435   897   573  -806   561  -174   367  -207   157  -387    50   838   133   123  -848  -181  -144   443  -272  -288   326  -100   961   904   248   403  -183   391   726   256   493   243   370 
 -931  -482   613   733   739   438  -624   808  -344  -861   759  -420   928   324  -835   293   800  -284   340   -38   534  -469  -271    43   406  -371  -906   484   770    12   930   481  -890  -244    43    29   -84 
  118  -125   568  -265   377  -302    30   875  -628  -366  -897  -243   556  -958   300   444  -318  -444   145 
  421   487   -67  -384   972  -628   276   461  -535   854   729   -86   281  -200   482   255   677  -365   715  -979   573  -224  -156   570    77   398   150   884  -227  -189 
 -690  -547    -9   -28   838   603   352  -928  -844  -939  -938  -440  -550  -830  -317   786   538  -818   890  -238   669  -250  -674  -144   259   805   171  -669  -240  -198   126   -62  -512  -925  -555   737  -959  -998 
  526   816    92   273   513  -908   380   154  -675   509   957  -497   267   286   800  -305   609  -193  -781 
 -733  -914  -597   276   863  -312  -497   479 
  -48  -783   445 
  481   959  -915   667   394   327  -342  -113   347   485  -411  -203  -112   354   979   577  -904  -802   720  -245   508   448   597  -439  -699  -725   793  -311  -913  -365   264  -628   330    73  -216   560   728  -425  -100   540  -787   710  -964   414   248  -715   960  -339   117  -356 
  -76   328  -648   558   286  -136   252   989  -367 
 -105   791 
  729   992  -256  -993   302   471  -874   696  -964   394   276    14   573  -530  -588   219  -820   385   719  -423  -762  -249   -98   909  -574  -106  -681   123  -896   882    24   116  -194   841  -122   -71    74   208   -77  -378  -239  -295   338  -951   861  -874   -55 
  996   304  -914  -913  -753   355   314   839   823  -952   476   831   561  -183  -396   531   536   657   291   833  -910  -234  -577   472  -971   827  -463  -830  -127  -783  -189   142  -154  -361  -678  -942  -862  -146   918   391   565  -117 
  896   230  -535   692  -742   846  -488  -741  -327  -257   904   323  -767   284  -910   108  -392   936  -939  -531  -753   326   230   328   321   438  -125   628  -503  -965  -284   448  -638  -170 
  907  -898   789 
 -702   568    15   134   288  -136   559   521   113   840    71   949  -748  -210   -70  -919  -101  -901  -206  -512   878   828  -108  -185  -514   290  -315  -634  -771   987  -163   566   752  -614  -894   106  -322  -545   954  -880  -250  -780 
  734   771  -728  -713 
 -521   348  -459  -985   317   795    17   437   292  -490   913   -62    11  -662   383   245   220   586   888  -403  -927   942  -911  -426  -702   683   149    38   352  -191   183   352   -63   850  -166  -699   720   706  -535  -756   973   838  -694   880  -620   126  -224  -111 

