   1   96   72
 -21  -39  -11
   9  -12    0
 -18   -3    0
  -2  -19   44
   0    2   -2
 -84    0   46
  66   32   32
 -24   -2  -16
  23   33   76
  -2  -16   63
 -20   63   16
   8   21  -22
  15    0   23
  24    0    0
   0   40   60
  -2    0   -8
   0    0    0
  56   84   21
 -42 -100   48
  -4   12  -23
  14  -72   -5
   0    0    0
 -14  -42  -48
 -40    0    0
   0   -1  -23
   0   32   15
 -63   18  -24
  92  -22   19
  12  -18    0
  46  -72    0
   0    0  -12
  12   50    0
   0    0  -32
  32  -48   27
  40   10  -60
  20  -16   -8
  30    0    0
  22   36   24
  68    0  -34
  36    0    0
   0  -63   24
 -46   42    0
  10  -84    0
 -24    0   24
   0  -52   44
   1   -3  -22
 -46  -66    0
  23   33   12
  -8    0    0
  40    0   24
   0    8   12
   8   75    0
  63  -26    0
   0  -57    8
 -84   40    0
  69   80  -72
 -23  -23  -44
   0    5   24
  42   36  -36
   0  -28  -63
 -72   56   18
  15  -57   24
  36   -9  -24
  88    0   46
 -21    0   26
 -40   48  -45
  44   36  -84
 -28  -22   15
   0   12  -36
  -4    0   12
  14    0    0
 -12  -28    0
  -3   48    5
  21   10  -48
  96  -52   -7
   0  -32   23
  15  -76   -3
   0   12   24
  17  -24    9
   0   -6  -28
  24    0   48
   2 -100    0
   4  -57   64
 -33   24  -23
  13  -20    6
   0  -14    0
   0   -7   10
   6   11   72
  96   34   52
   0  -50    4
 -38  -92   60
 -23    0  -18
 -24    0  -44
  20   39   52
 -39   24    0
   0  -12   60
  39    0  -22
   0  -60   19
  -5  -88  -26
  48  -17  -75
 -23    0   36
 -15   12  -50
 -12    0   80
 -18  -60   42
  -2  -11  -60
  36   96    0
 -30    0   -6
 -12    0  -60
   0    0   15
 -44  -10   -6
   0  -48  -36
  84  -27    0
  -6   19  -12
  -9   14   -6
  -9   92  -11
  25   48   51
  10    9   14
  -3  -54  -60
 -88  -10   28
  -8   -7   -1
   0   80   18
  11  -48    6
   4  -24    0
   0    0  -15
 -28   50  -44
  60    2  -63
  88    0    0
  -4   14    8
 -80   -2   -8
   0   21  -96
   0    0   25
  66    0   14
 -72  -28    0
 -66  -15  -63
 -40    8    0
 -33   -5   42
 -54    0    0
   0   10   44
  -8    0 -100
 -32   72    0
   0  -56    0
 -60   72   19
   0   12  -42
   0  -14    0
  36  -54  -88
  -6  -18   63
  15   -6    0
  13   13    0
  14   56  -63
  44  -16   42
 -10    6    0
 -12   16    0
 -44   18    0
   3   40   24
 -36    9    8
   0   42   22
   0   -2   -3
  84   48  -26
  20  -36    0
   0   28   32
 -21  -13   22
 -48   -2  -69
 -16   48  -72
 -16   14    0
  24  -40    0
 -72    0   48
 -13  -48  -75
 -36    0   42
 -44    5   44
  32    0   39
   0    0   42
   0  -30    0
   0   57    0
   0  -36  -66
 -34   39  -25
 -36  -40    0
 -40    3    8
 -24   -5    0
  28  -63   -7
  76    0 -100
   0    0   11
   0  -18   63
  44    0    2
   3    0    0
   4    8   48
 -80  -13  -22
  92   24   14
 -57   21  -42
  24   -6    0
  12   12    0
   0    3  -52
 -48  -72   24
  20  -68   19
 -11    0   -4
 -84   -4    0
 -15    0  -34
 -75  -36  -32
   7  -33  -34
 -28   12   17
 -30  -18   -8
 -26  -24   44
  22   12   48
 -57  -23    0
  60   72   57
  22   51    0
  32  -84    0
 -92   38  -10
  56  -30  -18
   0  -36   -2
  84   17    0
  -6   30    0
   0  -17  -18
 -63  -40   40
 -21   -6    0
   0   48  -54
   0    0  -12
   4   38  -48
   0    0   72
 -24    0   -5
   0  -60   24
   8    4   -8
 -22    0    0
   0    6  -15
  -2  -39   42
 -20    6    0
  15   -8  -76
  80    0  -42
   9   36   69
   0  -46   76
  30    0    0
 -10   66   -6
 -12    0   13
 -36    0   44
  57  -27  -44
   0  -88    0
 -75   24   36
 -72  -27   20
  15    0  -51
  36   38   80
   6   72   -9
 -48   33   15
 -36    0   80
  88   13   21
   0  -64  -28
  36   -4  -51
   9   14   45
 -64   72  -24
 -22    0    0
  48  -20    0
   6   22   32
 -30  -28   24
  -6   34  -48
   0    0   32
 -84   -4    0
 -24   16   23
   0    0    4
  23   17  100
   0  -12   20
  36  -60   23
  24  -69   30
   0  -52   26
 -23   11  -60
  16   21  -17
 -34    4  -54
   0    0   88
   4   12  -52
 -12   32   69
  11   30  -50
  -3   42    4
   0  -64  -18
  22   22   51
  64    0   32
 -48   21   92
  -7  -28   12
   0  -75   -6
 -23   21   28
  11   19   -1
   0    0   68
  64   40   -9
   0  -21    0
 -25  -25   18
 -48   60  -15
 -39  -18   14
   6   60   18
   2   56    0
  33  -88  -36
  24  -16    0
  63  -96   24
   5   -4  -21
  16    9   63
  22   -2   23
 -48  -39    6
   0    0    0
 -23   36    0
 -19    3   33
 -18   36  -24
   1  -20    0
  12  -56    0
 -40   88   96
   0  -72   20
 -20   42   24
 -10    0    6
   0  -63  -72
 -12  -28   68
   0    6    6
   0  -12  -11
 -32    0  -22
   2    1  -18
 -14    6  -60
  36   80   -4
   1  -46   60
 -21  -21    0
 -16    0   15
  45   32 -100
  12    0    8
   0    0    0
   0  -50  -52
   0   32    0
  60  -33    0
   8    0  -54
 -28    0    0
  16    0    0
 -96    0    8
 -36    0    0
  -2  -72  -75
  -6   19   17
 -42  -75    0
  -4  -50   42
 -25  -42   24
 -22  -42   -4
 -10  -40    0
  -3  -18    3
 -44  -25    0
 -15   15   -3
 -16   -8    2
 -56    0    0
 -96  -15  -16
  76   -3   46
   0  -18    6
 -52    0   17
 -45   40  -72
 -19  -36  -33
 -14   15    0
  10    0  -36
  17    0   38
   0    6  -17
 -26   22   48
  92    0  -33
   0    0  -19
 -36    0   46
  -4   56    9
 -15   22   72
   0   -2   18
 -80   -7  -56
  -4  -26    0
   0    0   12
 -42   42   33
 -40  -20   60
 -27   16    0
  -6  -14   48
  69  -18   63
 -17  -50   40
  57   21  -52
  88  -51    0
 -72   54   36
  96   18  -42
  38   48  -18
 -39   -6   10
  42    0   48
  46  -48   36
  88    0   51
  13   60  -48
  -1    0   60
  72   72   19
 -16    4  -44
   0  -12   10
 -63   51    0
-100   40  -22
   0    0  -28
  20   24   19
  -2   -5   48
  16   48   36
  33  -20   20
  14  -32   19
  22  -40    8
   8    0   -3
 -48  -63   15
 -10  -42  -45
  18  -17  -17
   1    0  -36
  56    2   24
 -60    4  -68
  38    9   -3
  15    0    6
   0  -10    4
  20   56  -50
 -48  -20   10
  17  -63  -48
  20    0  -40
  -7   -8   42
   0    0   -2
   0  -12   33
  -6  -76   51
  80    0  -10
  63  -48  -42
  42  -20   12
  69  -42   68
 -84    0   15
  66  -30  -36
  -4   24  -15
  -5   21   50
  22    0   20
 -36    0  -56
   0  -27    0
  18  -32   28
 -20  -24  -36
  25  -12    0
  -9    0    0
   0  -13    1
 -18    0   38
  15   66   -8
 -34    0  -33
 -56   24  -46
  18   16   92
  54  -42   48
  80    0   -4
  52    0   60
  66   69  -26
  51   60    0
  32   60   11
 -14    0   32
   0   17  -30
   0  -45   44
 -75   84  -22
  12    0  -18
   6   40  -12
 -10   -6   30
 -40    0  -18
   0    0    8
  60  -60   27
  12    0   -5
 -69  -56    9
  60   12  -44
  68  -21    0
 -75  -18  -48
  20    0  -32
  54   50  -56
  -4   24   16
 -25   17   25
   0  -72   52
   0   28    0
   0  -42  -96
  27  -12   -6
  15  -75   -7
   0   32  -12
  -3  -12   48
   1    0  -16
 -15   60  -92
   9   39    0
   4    8   69
 -27   26    0
   0   -2   15
  -4   92    0
  45   48   16
  88  -36   36
   4   -5    6
  80   40   66
 -48    0  -20
  12    3  -25
  -3   24   27
   0  -56   51
 -15    0   15
 -36  -32   20
 -72  -46   -6
 -10    0    0
 -76    0   -2
  19   18    0
   0  -21  -48
   0  -18  -32
  60    0   92
-100    0   66
  18    9   10
   0   -4    6
  12   16    0
   0    6   10
   0   48  -16
 -19  -18    0
 -92   17   -2
 -10  -54   15
  36    0    0
 -51    3    4
  -4  -12  -80
   0    0   38
 -12  -75   -9
  12    0   28
 -69    0  -72
 -18   -4   17
  32  -15   84
 -38  -20    0

